"","V1","V2","V3","V4","V5","V6"
"1",0.164881495898558,0.170717528571615,0.173411656203541,0.164956407616263,0.160068531275178,0.165964380434846
"2",0.166339034290009,0.168338881227101,0.172435973585885,0.166969432361446,0.159314185942519,0.16660249259304
"3",0.16411355430397,0.160304392303635,0.170061591425215,0.171872124415596,0.160976169840968,0.172672167710616
"4",0.164914374463666,0.156150146200804,0.166105493430656,0.169671931092701,0.163822878494649,0.179335176317525
"5",0.160829553476049,0.156705247574596,0.168776890904596,0.172513124861245,0.164952718060708,0.176222465122807
"6",0.162896676344787,0.160242672716188,0.168239298346277,0.170384193662826,0.164816848230393,0.173420310699528
"7",0.161124948196787,0.164913491449934,0.169982348325598,0.172767192357949,0.164437874432093,0.16677414523764
"8",0.161765737727078,0.167406793371632,0.164275920197121,0.172049218139869,0.168095321908731,0.16640700865557
"9",0.161488713828943,0.166344348224126,0.163510038353405,0.170908006088951,0.173090840435702,0.164658053068872
"10",0.165637317063829,0.164820379838782,0.162652578704651,0.169852011024977,0.173545037454779,0.163492675912982
"11",0.168307208916142,0.162037832701053,0.167840970784362,0.166206115127437,0.168660014328702,0.166947858142305
"12",0.166998849912427,0.167096734155982,0.170433453267523,0.16784230193166,0.162659503749922,0.164969156982486
"13",0.162311609251253,0.169662719634434,0.172961422347109,0.165791276417919,0.161810741950896,0.167462230398389
"14",0.161756805937257,0.170782853173892,0.170680137454729,0.167723231659067,0.161982761214287,0.167074210560768
"15",0.161075771422579,0.167120413483753,0.168955829043503,0.165569064141541,0.166929688935235,0.170349232973389
"16",0.16433281972877,0.165950013879124,0.166879838846152,0.166636385734577,0.167060047003674,0.169140894807703
"17",0.163812062289382,0.165786049406727,0.167676981595219,0.165849289022933,0.169329694526533,0.167545923159206
"18",0.165185926676459,0.163824037877627,0.167257783393285,0.16497395815304,0.168910138063088,0.1698481558365
"19",0.16538026816484,0.163336548763909,0.168205401505099,0.164016182477462,0.171085623730454,0.167975975358237
"20",0.16300502076474,0.165270673290802,0.16978050679392,0.16250574747386,0.168419166997216,0.171018884679462
"21",0.162610916421536,0.165750230293632,0.172469976185533,0.163321954287608,0.166864073702068,0.168982849109623
"22",0.161016997458698,0.164938893409504,0.17135554730249,0.163945645573755,0.163226284453167,0.175516631802387
"23",0.163877382599173,0.163997437495764,0.169967043622118,0.164577046876338,0.165820716302928,0.17176037310368
"24",0.164522534574168,0.16693244135559,0.166340181414989,0.165623418405073,0.165185971428145,0.171395452822035
"25",0.167092680203462,0.167398338708173,0.163135284081478,0.163549025489309,0.170004216535194,0.168820454982384
"26",0.166480249090738,0.167191875127507,0.163423823700075,0.16348552646862,0.169010029692084,0.170408495920977
"27",0.165795100218457,0.165050918847363,0.161928039401207,0.162356265193596,0.168742961017721,0.176126715321656
"28",0.163239468830697,0.165086747920526,0.165341587567368,0.165108824145255,0.166525500164016,0.174697871372138
"29",0.164123796456756,0.165639489199796,0.161467353667142,0.16956770740905,0.166100555134052,0.173101098133205
"30",0.165413587566705,0.168124795253115,0.164876847307299,0.165514973661114,0.166830052340924,0.169239743870842
"31",0.166999787118071,0.16360720749185,0.168290985082072,0.165051618718314,0.167162994364025,0.168887407225669
"32",0.161508777099983,0.164563664320701,0.164766353432421,0.162815930970627,0.178359545592085,0.167985728584184
"33",0.16401266256457,0.166250088236806,0.161953029244746,0.165004567598339,0.176520702261782,0.166258950093756
"34",0.166439588938473,0.167146859211063,0.162787051382097,0.167548215363193,0.171270107680789,0.164808177424386
"35",0.16418842312588,0.165066965454617,0.163127723850464,0.166659526961992,0.172125181337979,0.168832179269067
"36",0.16432825315553,0.163813488996411,0.166128260329224,0.164065574618479,0.172497629077602,0.169166793822754
"37",0.163292344955104,0.168404172792174,0.165059581793305,0.164995708607169,0.169612045375758,0.16863614647649
"38",0.167508610209819,0.167694871270818,0.165654647748149,0.16654084518737,0.167472270470842,0.165128755113001
"39",0.167212610916229,0.1666076079693,0.16282915018426,0.168532705308024,0.166988575930455,0.167829349691731
"40",0.168935512342632,0.163691066244611,0.16533933720431,0.166157842966673,0.168758589052298,0.167117652189476
"41",0.168717689385422,0.166966869861488,0.167267153231966,0.166382295076781,0.166022994700954,0.164642997743389
"42",0.165850095428951,0.167274539075885,0.172866430988424,0.164447026518121,0.166649414345297,0.162912493643321
"43",0.164176032340962,0.166357107996769,0.173847899950516,0.164398036629692,0.167330262065803,0.163890661016258
"44",0.166194288458541,0.163512030852714,0.174409890265615,0.161608228696945,0.166484739639178,0.167790822087006
"45",0.166909388752463,0.163046261872034,0.16869663125612,0.162702437562542,0.16775285864653,0.17089242191031
"46",0.16586228932759,0.158880349217126,0.170795201785565,0.164526048582947,0.169744724599264,0.170191386487507
"47",0.164191679626157,0.159028820340888,0.169083961825784,0.16751467890853,0.173067251650393,0.167113607648249
"48",0.165192459016551,0.160826437240719,0.172487605493698,0.163158879782641,0.171374613428917,0.166960005037473
"49",0.165414887473458,0.163084173559888,0.168942401900904,0.161018167934063,0.171931590534835,0.169608778596853
"50",0.166732109731685,0.163250926910681,0.166086581052292,0.159222829216754,0.173416753429454,0.171290799659134
"51",0.167312528864386,0.163299845962481,0.164678364352991,0.163904282891163,0.171906912853152,0.168898065075827
"52",0.167114277921499,0.164839278054164,0.163399298564724,0.166637559007409,0.168130008477347,0.169879577974857
"53",0.164303775216925,0.164480192421039,0.168743301503111,0.167361977614326,0.165772061053612,0.169338692190987
"54",0.164141514127183,0.163835350416931,0.168203238678469,0.167115072956399,0.167143997387857,0.169560826433161
"55",0.164024469724542,0.162799907089941,0.170519988238812,0.16638581276622,0.168453921551431,0.167815900629054
"56",0.162474151847051,0.160843666276373,0.166239528885647,0.164277688359681,0.180214296809238,0.16595066782201
"57",0.162303120565187,0.159765269491645,0.166242254571457,0.164404984215966,0.180048739694626,0.167235631461119
"58",0.161522527693404,0.159402884908167,0.166856743138698,0.165163713808684,0.180724156432822,0.166329974018225
"59",0.16378666832818,0.163403070914837,0.167343794817291,0.167591234103359,0.170113086307192,0.167762145529141
"60",0.163303844178932,0.164505629820429,0.168652770986702,0.169553856333657,0.166990187699976,0.166993710980304
"61",0.165498647585866,0.161853823603773,0.172678298944205,0.167292566151588,0.164326645089426,0.168350018625143
"62",0.165851475163829,0.159428781719585,0.174771646579244,0.168207376882157,0.163255184364123,0.168485535291061
"63",0.166990833507731,0.159932439966189,0.174586027851819,0.166985587989189,0.164702431226085,0.166802679458988
"64",0.164755147870025,0.164532490396449,0.168672569983694,0.16897423457035,0.166566037846099,0.166499519333383
"65",0.165082867345248,0.166284917514733,0.166322625574476,0.167789602701576,0.167520867219156,0.166999119644811
"66",0.163880591968736,0.164277939856054,0.16623384027346,0.169186021476451,0.169200095094432,0.167221511330866
"67",0.162657313886592,0.163586427944345,0.164520338678037,0.168127278680481,0.170317428040972,0.170791212769573
"68",0.163249063281811,0.162759815864032,0.166979809690342,0.16794189363627,0.168621918989602,0.170447498537943
"69",0.163005258302725,0.161326544726961,0.166305135102268,0.168026416579141,0.165132142752036,0.17620450253687
"70",0.166864480348477,0.160974596736731,0.167011213686537,0.167494632562531,0.166173020152947,0.171482056512777
"71",0.166232284608109,0.160025707348425,0.160119412697752,0.162351759401022,0.170752122438494,0.180518713506199
"72",0.16897017189821,0.16216189122695,0.158726784168858,0.161213266761036,0.173138592977727,0.175789292967219
"73",0.167560837594942,0.163325688618676,0.159455891531644,0.161791299507218,0.172344546815559,0.175521735931962
"74",0.16861490556836,0.165026909073019,0.166138589469302,0.166467161616035,0.168073287441317,0.165679146831968
"75",0.165057457659036,0.167746269460308,0.168461361507122,0.167278219269079,0.166035326627919,0.165421365476537
"76",0.164140189637541,0.167919939417116,0.171438505018791,0.165423389425929,0.163117705808799,0.167960270691824
"77",0.162467149201506,0.170735481715066,0.169128209049959,0.163539950378422,0.163654888851613,0.170474320803435
"78",0.16613156156417,0.16529384574285,0.16952523463737,0.162057945549081,0.164081688653877,0.172909723852652
"79",0.166216285574934,0.166279599422979,0.168216541257103,0.163322574572291,0.164918119620379,0.171046879552314
"80",0.167255139657552,0.163223614605655,0.169174359835981,0.167392604510712,0.164503240688997,0.168451040701104
"81",0.165758768299892,0.165938217201373,0.167842848880519,0.1671689188813,0.166336669868172,0.166954576868744
"82",0.165568907049745,0.166297772750861,0.164755374501172,0.168281003572886,0.167520168522248,0.167576773603087
"83",0.163859166145999,0.16541517709208,0.163209621942841,0.167466511401777,0.172705324659866,0.167344198757437
"84",0.163704357535662,0.167260535854794,0.162380024294065,0.168604832925156,0.171311513494686,0.166738735895636
"85",0.174434721798367,0.15813796517545,0.168515370831497,0.164571921170247,0.169481037206294,0.164858983818144
"86",0.177132012228931,0.163758198581031,0.164816164684121,0.164805183663037,0.167097611008353,0.162390829834527
"87",0.173526521465973,0.166707750722612,0.167466797678861,0.165431206264343,0.165292961962353,0.161574761905857
"88",0.172674365960425,0.165307699296576,0.169877421079699,0.164136850630466,0.163810604417576,0.164193058615258
"89",0.17148198051646,0.165660885736605,0.169224415024846,0.165042525908588,0.161908449575032,0.166681743238468
"90",0.169104346166919,0.16388515083014,0.167563712914216,0.166220401073657,0.162171389415366,0.171054999599702
"91",0.165006999475326,0.164768762779597,0.167512696675368,0.167390373275943,0.16520135915366,0.170119808640107
"92",0.164476051324733,0.165159223829184,0.164921702782663,0.164835430400386,0.1673689737269,0.173238617936133
"93",0.163998703455132,0.167270251730644,0.162234825017185,0.166442135796036,0.170637584821012,0.169416499179992
"94",0.164062529343084,0.172512688573844,0.158659049021612,0.164883054241684,0.171087870783693,0.168794808036082
"95",0.165716957362125,0.172047871963213,0.160307599778598,0.165291409190453,0.169989664818101,0.16664649688751
"96",0.170125858162504,0.172995614213838,0.162128392290159,0.162188521732666,0.16691484473303,0.165646768867803
"97",0.172582688245005,0.169109289567009,0.163517787555146,0.16334268723532,0.165388978670802,0.166058568726718
"98",0.172905394544505,0.16837676683288,0.16391420106295,0.163992197914009,0.165212028621472,0.165599411024184
"99",0.165323498439824,0.168373704690412,0.165665716803611,0.166903180358517,0.169091918323302,0.164641981384333
"100",0.163625813142929,0.168564307312061,0.165733987847788,0.166470183573352,0.171239765289426,0.164365942834444
"101",0.161901333329941,0.168685623527217,0.167231626615601,0.166630682484237,0.172195967509095,0.16335476653391
"102",0.165755776242139,0.168409197539655,0.166722128217457,0.164740130194289,0.169155681210398,0.165217086596062
"103",0.165137826050205,0.167312688280244,0.170091329569915,0.165284350981674,0.166455081856502,0.16571872326146
"104",0.170274433390249,0.165965248419011,0.167545984005979,0.165440834075239,0.163919935250809,0.166853564858713
"105",0.171239726414629,0.16626019217852,0.16727874061644,0.165291462242484,0.163549018154599,0.166380860393327
"106",0.172182695659962,0.166308774316014,0.165269980409865,0.165787966517621,0.164966780226521,0.165483802870016
"107",0.168316750124624,0.167103868201171,0.165780890238883,0.166506664662769,0.167191520834162,0.165100305938392
"108",0.166631089967323,0.167115638520065,0.165852181070305,0.16655528456395,0.167125944797399,0.166719861080958
"109",0.164095554436855,0.167072303363217,0.16623350538953,0.167283779464243,0.167557524249268,0.167757333096888
"110",0.1610816021983,0.171153550612202,0.164250423452616,0.16541590307865,0.167100251601381,0.170998269056851
"111",0.161929484054602,0.17087390357009,0.164233581159705,0.16512721744941,0.168639397360083,0.169196416406111
"112",0.165108339589429,0.171531611097692,0.164249301378478,0.162860556258012,0.165917274287643,0.170332917388746
"113",0.166996972325317,0.168211578962168,0.166594308308786,0.165264546635397,0.165259256097478,0.167673337670854
"114",0.168159586540658,0.166888847668587,0.166626226936633,0.164437899636066,0.1639780355601,0.169909403657957
"115",0.17052931845559,0.166336630375627,0.163873671758562,0.164707895824412,0.164537884841202,0.170014598744608
"116",0.171459399267613,0.164915385499597,0.165573322709342,0.16152981178677,0.165791191781329,0.170730888955349
"117",0.170289142492685,0.165325365438022,0.165393880717324,0.163312895556474,0.166257645512619,0.169421070282875
"118",0.166430569264482,0.167413854971931,0.1688677992401,0.163446258417405,0.166596112593535,0.167245405512548
"119",0.169316443080018,0.167680910330362,0.166305705915784,0.167640263414228,0.163764439911112,0.165292237348497
"120",0.169662933936939,0.166391033891469,0.166892297163048,0.167143201941658,0.162551765622383,0.167358767444503
"121",0.168982814144196,0.166251086897329,0.164496930132969,0.167255240699327,0.163243070089768,0.169770858036411
"122",0.165987817520153,0.167953858377117,0.165716857145443,0.164310337578353,0.163981459414133,0.172049669964802
"123",0.162974547520098,0.174556804569639,0.16423415059273,0.16266932291928,0.163748721423907,0.171816452974345
"124",0.159551240439162,0.175327666656692,0.165341845609185,0.164199618007452,0.164976862888324,0.170602766399185
"125",0.159018855435693,0.174141716467287,0.166751555044425,0.164998075068384,0.165344642570131,0.16974515541408
"126",0.159798878952668,0.171498863132816,0.166831607375052,0.164899443265476,0.168175484465266,0.168795722808721
"127",0.163450860425016,0.168588041282894,0.168172615273677,0.163936498535074,0.167542970208033,0.168309014275306
"128",0.163221353096553,0.168907610704097,0.166194142103701,0.164404109797788,0.170290888217432,0.166981896080428
"129",0.164063348660272,0.168828823456008,0.166094490506969,0.165361700707364,0.168352887606631,0.167298749062756
"130",0.163942399905056,0.16858430952873,0.166172582889852,0.166081227873726,0.168970074425934,0.166249405376702
"131",0.163407264010543,0.1675163460221,0.168651921261662,0.167355800686835,0.167841976782209,0.165226691236652
"132",0.163333308499729,0.165531597058117,0.169618212792662,0.167902248392532,0.169100829318749,0.16451380393821
"133",0.162088782776906,0.164347451036131,0.168386614668562,0.16742967540577,0.168670202925854,0.169077273186777
"134",0.162646401265946,0.164144909533481,0.165718498502725,0.168616845722791,0.166152999093138,0.17272034588192
"135",0.161806194106222,0.165431574024456,0.163790042722023,0.169511792759544,0.165786675716749,0.173673720671007
"136",0.163220051068454,0.168339160721051,0.16380436842511,0.16885273420397,0.165172590103545,0.17061109547787
"137",0.16151140950877,0.170983436295229,0.162164872212067,0.165909832031641,0.16918853948215,0.170241910470142
"138",0.162349025242033,0.169305949847838,0.164774341758099,0.164318402478109,0.16969283639954,0.169559444274381
"139",0.161586655515626,0.167652576355909,0.164998957974894,0.164322477075922,0.169828813515861,0.171610519561788
"140",0.163735185638549,0.165813787452148,0.164571210925139,0.168135081961347,0.165515366802085,0.172229367220732
"141",0.163106556375242,0.165908104951498,0.163619444402855,0.169945833233175,0.164023216545666,0.173396844491564
"142",0.165829594225977,0.166390679135656,0.162913512817687,0.171211661735333,0.162550327331631,0.171104224753717
"143",0.16802463553143,0.165852604240849,0.163995572945722,0.168637275460341,0.166735233211311,0.166754678610346
"144",0.168009828469219,0.16464727552132,0.164432399006206,0.171244928927997,0.169618771592313,0.162046796482944
"145",0.16629026435985,0.164506501298661,0.164616126340453,0.17270147329266,0.170528020852408,0.161357613855968
"146",0.165428707314728,0.16473056751606,0.166197953793256,0.170691825756795,0.169992514817152,0.162958430802008
"147",0.162886472630241,0.160529746276739,0.170068556153638,0.170860404164903,0.169064300410696,0.166590520363783
"148",0.164348611639595,0.161082699178868,0.170184314830586,0.169435906994119,0.169304359355461,0.165644108001371
"149",0.164739604355366,0.162661672152261,0.167826237778257,0.170558819551046,0.16942808370343,0.164785582459641
"150",0.165489091583328,0.164519148862964,0.163633587932991,0.167214376187143,0.169637197917125,0.16950659751645
"151",0.166358945213811,0.164940905135714,0.163016128333996,0.166243580813863,0.168286219960993,0.171154220541623
"152",0.166685500501742,0.166893109671991,0.165998643874376,0.163503305324669,0.167767596556476,0.169151844070745
"153",0.167785016068191,0.167734718806238,0.171403446489826,0.1611064730158,0.164637425755944,0.167332919864
"154",0.167994181097936,0.170544084643769,0.172120697785828,0.158510212948824,0.168726468259518,0.162104355264125
"155",0.170151362765218,0.166319422929211,0.172275150541634,0.157103652183907,0.173283164126851,0.16086724745318
"156",0.169340542009589,0.165615461957888,0.168687695003447,0.16406710760396,0.175604200674966,0.15668499275015
"157",0.169292820852716,0.164861009938817,0.162147035237891,0.167739591098221,0.173693117424857,0.162266425447498
"158",0.166411845580873,0.168180189112687,0.159635720307713,0.170513129828656,0.168807812748924,0.166451302421146
"159",0.167400302138705,0.168859745828939,0.158123396628915,0.166843080158133,0.166114723759485,0.172658751485824
"160",0.167370617430264,0.16763929473147,0.163276765976853,0.166788142254416,0.165032192707563,0.169892986899433
"161",0.168841098930953,0.16571462226037,0.164289582514552,0.167623662177968,0.165199709752976,0.168331324363181
"162",0.166995618124863,0.166411623031496,0.165718173015626,0.16853451467766,0.165778827854645,0.166561243295711
"163",0.166124898393532,0.166148993216694,0.166938183758204,0.167551870548194,0.166191318651267,0.167044735432109
"164",0.167730347662949,0.168210751629778,0.166384708572137,0.167284773295737,0.165209843172537,0.165179575666862
"165",0.167100446939418,0.168101541691807,0.16653641831862,0.165761672971954,0.165781089897998,0.166718830180202
"166",0.16847558211952,0.166456551895851,0.16543726454462,0.167820960817963,0.16593929924667,0.165870341375378
"167",0.164663299857358,0.166374667199204,0.167201988690379,0.164702927419547,0.165758848389464,0.171298268444049
"168",0.16282435497875,0.166063371472883,0.166899066620016,0.168789206187937,0.16490357758071,0.170520423159705
"169",0.161274713097635,0.166561297722556,0.164801010455408,0.167880025350929,0.165263358591314,0.174219594782158
"170",0.163510029826931,0.166157518127882,0.165137585276556,0.172142896281144,0.165099296633012,0.167952673854475
"171",0.167584630332898,0.163197007869057,0.164966284287604,0.170615055550254,0.167065177046131,0.166571844914056
"172",0.168627574842842,0.164243386767097,0.167658664265729,0.168105072281693,0.167757594143766,0.163607707698874
"173",0.170996160092161,0.164591186249308,0.167034687799372,0.165438631247082,0.167020114176794,0.164919220435283
"174",0.168550802118678,0.168122450902697,0.166657464525677,0.162390897532932,0.167140343709352,0.167138041210665
"175",0.16696496642816,0.165656201002017,0.171370663821209,0.163738716669076,0.163667840553892,0.168601611525645
"176",0.163264282986422,0.165447186131992,0.169564203943694,0.163228100027706,0.165124263875818,0.173371963034368
"177",0.164505424462849,0.164572595974192,0.170904206855299,0.162803358576114,0.163774483807542,0.173439930324004
"178",0.166539538557741,0.168280136245238,0.165428613203507,0.162891222751913,0.165670023570048,0.171190465671554
"179",0.165616846282537,0.168273894154487,0.168411296672497,0.164187641711484,0.166650003898338,0.166860317280658
"180",0.164428465638679,0.16771127741298,0.168405973935658,0.165645984760845,0.169041205574439,0.164767092677399
"181",0.164109644849539,0.16618259296165,0.16883536811096,0.166072046546246,0.169923303527769,0.164877044003836
"182",0.167068510595942,0.165021720789072,0.16693198868968,0.166770952624833,0.168512931726683,0.165693895573791
"183",0.166360736735053,0.165763605295485,0.168137401088253,0.166868431136415,0.16524768425868,0.167622141486115
"184",0.164821112260051,0.164202121895431,0.169112709325147,0.168246915302809,0.164056925125636,0.169560216090925
"185",0.163454118830865,0.164984076358724,0.170099934442666,0.166120208035541,0.163370633006084,0.171971029326119
"186",0.163230317667563,0.165552901074937,0.167953954378619,0.164127852971831,0.163424438231607,0.175710535675442
"187",0.168778299453371,0.165653649196799,0.163566650796828,0.16124061848175,0.164784791575549,0.175975990495702
"188",0.169857061909593,0.163478033675413,0.161984618940986,0.165463996491184,0.167034407446735,0.172181881536089
"189",0.170587078055823,0.161120563102597,0.164192284584306,0.170183527766168,0.166104989589775,0.16781155690133
"190",0.167524815647145,0.159211995124487,0.163726260407862,0.174252102714298,0.164413739156234,0.170871086949975
"191",0.167353106633943,0.162663557799732,0.165226170249769,0.170583026437551,0.162802102763934,0.171372036115071
"192",0.167683784708407,0.164678599941978,0.16408429949575,0.167583750357205,0.164821609362891,0.171147956133769
"193",0.165490903264011,0.167044761835618,0.167693275234057,0.16624302672982,0.165975032720577,0.167553000215917
"194",0.166440716210421,0.164826589987076,0.166759691631171,0.168416437415203,0.166880737211001,0.166675827545129
"195",0.165384928044209,0.160311379178701,0.166432725213512,0.169123405455031,0.169810270051065,0.168937292057483
"196",0.167102634248968,0.16145492518902,0.164810049348432,0.170033473994792,0.168575277804778,0.16802363941401
"197",0.165997102299086,0.162788855256097,0.164180391839069,0.171328487786617,0.168440813521033,0.167264349298098
"198",0.166065644372332,0.166774007142641,0.165150693210737,0.172645620481843,0.166897227877463,0.162466806914985
"199",0.163621329285937,0.165673204056723,0.168465344111851,0.171364184035574,0.167911468529538,0.162964469980376
"200",0.165288654401059,0.165529776902659,0.168857263565272,0.168096493364598,0.16755836205419,0.164669449712222
"201",0.1647854104445,0.163879648434139,0.169520885621571,0.165735042438092,0.168328558330976,0.167750454730721
"202",0.166065226808715,0.165476942718179,0.167829001959304,0.164672067166457,0.168655216084104,0.16730154526324
"203",0.164518077273281,0.164174627019403,0.170303502245001,0.164576022007819,0.168207515945537,0.168220255508959
"204",0.161994566563183,0.166187115271206,0.172164950537072,0.164491008466177,0.163256440199053,0.171905918963309
"205",0.158290798275591,0.165121846016099,0.171152090054729,0.164718186126845,0.160636895952496,0.180080183574241
"206",0.158138902191844,0.167878605650053,0.168018237243435,0.166085530924037,0.161990689573256,0.177888034417375
"207",0.163913034468049,0.166788162929692,0.163850505924951,0.16700944829756,0.16358049123903,0.174858357140717
"208",0.166173901557288,0.169044798541186,0.16398796872482,0.167609977050516,0.167212982224062,0.165970371902128
"209",0.167277035493554,0.16822884737396,0.16431431283523,0.167165549798083,0.16659487863724,0.166419375861934
"210",0.165504530711386,0.170025108341559,0.164254144015097,0.168745622071105,0.166662662151036,0.164807932709817
"211",0.167933702711453,0.168130529014422,0.160474107901382,0.167606779014559,0.167493693393897,0.168361187964287
"212",0.168903615860819,0.168212438304098,0.161690282922342,0.166760604796691,0.166484961802047,0.167948096314002
"213",0.168000884695572,0.166966363798844,0.162890688458861,0.166239225178036,0.167232082534698,0.168670755333988
"214",0.168805475012945,0.168658693574431,0.167811521340338,0.16620548419431,0.164075167830501,0.164443658047475
"215",0.166069247003896,0.169911201368406,0.169661928480916,0.163660280379175,0.165867374704077,0.164829968063529
"216",0.161541377687932,0.160682658104224,0.167979082482209,0.167243737835147,0.17155987130536,0.170993272585128
"217",0.164531676466496,0.162180905317982,0.168117681711547,0.168888606105319,0.167962430248942,0.168318700149715
"218",0.166857999705107,0.16244343814998,0.167917810430776,0.166710120837121,0.167239643200488,0.168830987676529
"219",0.16950904514453,0.166435735802585,0.163856018699812,0.164398670059234,0.169868308129804,0.165932222164036
"220",0.167796389592919,0.16547678714069,0.165381813446474,0.16622643746939,0.170616090783376,0.164502481567152
"221",0.170268395841224,0.163954666961419,0.163191310334422,0.168573299869437,0.16960575624518,0.164406570748318
"222",0.16945693667862,0.160003313696912,0.163682231804364,0.172257534290084,0.169028568550187,0.165571414979833
"223",0.171392355532999,0.161104599939297,0.163334968592766,0.169455796477536,0.168283441124393,0.16642883833301
"224",0.167907639668958,0.163538273380164,0.163636520881487,0.168479257749769,0.168649753938671,0.167788554380951
"225",0.167882247536467,0.164478911763357,0.167472592299524,0.166517903892701,0.165948393269256,0.167699951238695
"226",0.165880710556399,0.166271932222258,0.165241488606892,0.168680282923594,0.163294093424481,0.170631492266376
"227",0.165463349786534,0.164730996049842,0.16545086144591,0.169632644326287,0.162823382346941,0.171898766044487
"228",0.162985087760629,0.164669898849642,0.16161393712284,0.169975839737265,0.167725614137747,0.173029622391876
"229",0.164582526392169,0.165748582577739,0.162831264487928,0.164731867933369,0.169645602624492,0.172460155984302
"230",0.163644979906139,0.166749528193993,0.163324759726055,0.162668578062102,0.170981466245324,0.172630687866386
"231",0.165854246874361,0.168830371902385,0.166863459492235,0.163429168738123,0.165662683920259,0.169360069072637
"232",0.166552951174174,0.166678763512059,0.169364769463864,0.164873250657211,0.16526352022282,0.167266744969872
"233",0.168266909911212,0.164311949232104,0.173851535173018,0.166104756799053,0.165622012188821,0.161842836695793
"234",0.16978681150759,0.164165824332692,0.17145989527412,0.163668441080768,0.16741240185253,0.1635066259523
"235",0.168711212984281,0.166206043314818,0.168189406888015,0.163651035271273,0.16929326878515,0.163949032756464
"236",0.168128319685193,0.169210803635666,0.163994089534545,0.164210390373371,0.166582057507587,0.167874339263638
"237",0.167221413222084,0.168997909205669,0.164230636482991,0.167209339651864,0.163865060121371,0.16847564131602
"238",0.168121084731919,0.16748618377884,0.166246821843481,0.165981249698384,0.163351352146242,0.168813307801134
"239",0.167868048683563,0.168626043223898,0.164500021126661,0.164803894411675,0.164133121969557,0.170068870584645
"240",0.166325667631212,0.168523446537937,0.165728495329328,0.164427497758217,0.167269503715878,0.167725389027427
"241",0.166923976398447,0.16669092940339,0.164801662883382,0.166828840228448,0.168034632480913,0.16671995860542
"242",0.168419485115755,0.16308667773486,0.166737496286804,0.164707545994241,0.17512311221506,0.16192568265328
"243",0.16900615884652,0.162573325602022,0.167508216465146,0.163486567545295,0.174775296959476,0.162650434581542
"244",0.164901462795639,0.164044669064908,0.170889880912046,0.163004612079006,0.175244604693184,0.161914770455217
"245",0.160818782337384,0.163365444765171,0.176453389209923,0.167513753367473,0.170646744824047,0.161201885496001
"246",0.159968260023745,0.164223366067849,0.174567035365204,0.167765885682897,0.171642715840709,0.161832737019596
"247",0.162451428385273,0.165740013209194,0.171980587973489,0.167791264810578,0.169344330810024,0.162692374811441
"248",0.165588623609524,0.165030361439698,0.167158048906751,0.167073143809822,0.166148050221658,0.169001772012548
"249",0.163461213491766,0.162433624373871,0.169851813628996,0.168416167285498,0.165814546559026,0.170022634660844
"250",0.162993739607131,0.158688909336464,0.171802907546582,0.166769241734208,0.166042076801402,0.173703124974213
"251",0.169332414898842,0.164352380774701,0.163552661402155,0.163919382782782,0.169370056440936,0.169473103700584
"252",0.167059614610899,0.164210963679605,0.162562601407031,0.165992683229004,0.167762783834397,0.172411353239063
"253",0.166854364972621,0.165467762376225,0.163359679964186,0.166950068120179,0.166985950494751,0.170382174072039
"254",0.163248959348734,0.166386658685094,0.164760865837215,0.167785709650088,0.167864593986506,0.169953212492363
"255",0.164762270469025,0.166756531350123,0.163978792506423,0.168038878413301,0.168631300690371,0.167832226570757
"256",0.166063627577149,0.166328198808898,0.16714146068924,0.165407424707903,0.166787746120417,0.168271542096393
"257",0.168152262433097,0.170421047938435,0.167130849518102,0.163141558551117,0.164046022494675,0.167108259064575
"258",0.167516336919022,0.170300682114915,0.171505586142381,0.16201154167039,0.161258883550985,0.167406969602308
"259",0.169276719217925,0.168912193199719,0.168033078051038,0.16207978385572,0.16596003531794,0.165738190357659
"260",0.165937475095833,0.165746981708171,0.167596767947249,0.166402107413072,0.171861807558925,0.162454860276749
"261",0.166853254029745,0.166091889386458,0.165237532383887,0.166592519503073,0.174196282255489,0.161028522441347
"262",0.164864460862959,0.167401575312414,0.164512739344436,0.168789413733695,0.172292220420828,0.162139590325668
"263",0.166771163520638,0.165342729933746,0.165876797908323,0.167427179822756,0.168151137781187,0.16643099103335
"264",0.166644195838265,0.164806886359002,0.165362152146713,0.168780852284693,0.167999947573795,0.166405965797531
"265",0.161397685519825,0.169493300748284,0.167768931784689,0.16598651232108,0.167513482467021,0.1678400871591
"266",0.161362807917482,0.173308460676525,0.168537674664538,0.166351405278999,0.165140354917596,0.165299296544861
"267",0.160397272172926,0.170248196148867,0.167432139116493,0.163524187631003,0.171607788699709,0.166790416231002
"268",0.16133308063771,0.16465009798378,0.163905088714662,0.167013130396224,0.176271868874927,0.166826733392697
"269",0.161292445681862,0.16095501460703,0.161863247317141,0.163778322335425,0.180391776535212,0.17171919352333
"270",0.160232712674021,0.162965548277014,0.162140154498188,0.163689427059672,0.177564505033583,0.173407652457522
"271",0.163732022577763,0.165241770712079,0.16484721692332,0.162754214222972,0.171847456081978,0.171577319481889
"272",0.161831741248842,0.167828563195344,0.163971233308326,0.164247340397185,0.175299125700134,0.166821996150169
"273",0.159752510318912,0.169829533749971,0.164789877260107,0.165783772534861,0.1716079438071,0.168236362329049
"274",0.160035826576202,0.169753692850755,0.162758541374849,0.165652880037855,0.171130712228265,0.170668346932073
"275",0.163947789298372,0.169265199983482,0.162979970085177,0.164127333715416,0.167606997580119,0.172072709337434
"276",0.169646294342878,0.16851724740127,0.162204980499959,0.163524557557119,0.16848726013959,0.167619660059183
"277",0.169364114836038,0.167003629418887,0.164110445517819,0.165202268494842,0.168752268958703,0.165567272773712
"278",0.167117947165768,0.165865433993418,0.164911356003198,0.166221568586564,0.169606004347243,0.166277689903809
"279",0.167000012826075,0.164633683593153,0.166004254575873,0.166671010703771,0.169318249487322,0.166372788813807
"280",0.16765451483648,0.165152062798385,0.165953753687406,0.165078378785463,0.170968365006128,0.165192924886137
"281",0.167463160212526,0.164815110543339,0.165891368423838,0.165780869950483,0.168190440916538,0.167859049953276
"282",0.166372863414774,0.164619630948837,0.169537613476767,0.165778482822402,0.163671627881987,0.170019781455234
"283",0.164052330452253,0.165302890424411,0.169655967622622,0.165861297186673,0.163902802898259,0.171224711415782
"284",0.163157308339758,0.165893161400937,0.169382957181704,0.1669637750264,0.166841663953771,0.167761134097431
"285",0.165831594287762,0.164156830103998,0.168502642464079,0.166173012310546,0.171944702873021,0.163391217960594
"286",0.169249351072808,0.164262526814436,0.169278080741494,0.166279219076321,0.168209688498371,0.16272113379657
"287",0.168580097400803,0.166290056410638,0.167746217197896,0.168538131077042,0.167583989554662,0.161261508358959
"288",0.167648186820616,0.165948897642046,0.169961379614486,0.164420860009288,0.165711611757833,0.166309064155731
"289",0.165000801810573,0.165901557498398,0.167488144230898,0.168618305488972,0.166275780074787,0.166715410896371
"290",0.170662681516229,0.163453053483127,0.164634099831536,0.17142091821673,0.162269462206053,0.167559784746327
"291",0.170976022903805,0.164551145087702,0.163743490726,0.170351656752319,0.162437339591561,0.167940344938613
"292",0.170371478620465,0.162670107678342,0.164696758791529,0.171244237006153,0.16258924113294,0.16842817677057
"293",0.166131964773289,0.16455985507536,0.164965357267504,0.167894522915428,0.167576824504966,0.168871475463453
"294",0.162682585851935,0.165373773074093,0.166902625886126,0.169059918023817,0.167334660881635,0.168646436282394
"295",0.163925168780529,0.167369776607512,0.165610262779054,0.167044536627429,0.168205698126878,0.167844557078598
"296",0.165101718283225,0.167264729601388,0.16664872721659,0.166992275669898,0.166730319034598,0.167262230194301
"297",0.167792562193486,0.166279067608294,0.16796124414745,0.165611809635083,0.167144101406355,0.165211215009332
"298",0.168078824024258,0.164234745913626,0.170954535238899,0.167302060472702,0.164361148462715,0.165068685887801
"299",0.168961957808268,0.163842971001321,0.17064059732308,0.166205283578041,0.164727115952763,0.165622074336527
"300",0.167945066349968,0.164103987162355,0.169786364952701,0.166118775515429,0.16446427685397,0.167581529165577
"301",0.166163295392418,0.166257834319807,0.16653524321393,0.16673534029056,0.167365917724097,0.166942369059188
"302",0.167348067985281,0.165968121391896,0.164336780116166,0.167398894129382,0.168985833699007,0.165962302678268
"303",0.173759118120863,0.161601093422874,0.163901901964101,0.165060868872339,0.170756067180551,0.164920950439273
"304",0.174189225265359,0.161821790750185,0.16453074067839,0.16329756009782,0.169290240595352,0.166870442612893
"305",0.171144388636328,0.163462435286371,0.166090524936766,0.16290160264468,0.169029828196316,0.167371220299539
"306",0.165331289769987,0.168987547700936,0.165982576277305,0.164815251524077,0.166535700660866,0.168347634066829
"307",0.166835903004016,0.167952812288976,0.166305701494151,0.164572109375295,0.166165976375689,0.168167497461873
"308",0.168349816295615,0.168561012708614,0.1656570202949,0.164338906611824,0.164152751127755,0.168940492961292
"309",0.167551349385821,0.166028079822143,0.168290896371126,0.164193955016981,0.163222802801322,0.170712916602607
"310",0.16612538714059,0.167747860799638,0.166136883663767,0.165935352468623,0.165234490227509,0.168820025699874
"311",0.164189651994671,0.168195907004344,0.167545588078557,0.167196506823263,0.165517738917871,0.167354607181294
"312",0.164012206430742,0.171389523710783,0.16594760663594,0.166556986992968,0.166571865974216,0.165521810255351
"313",0.164294242642289,0.170753715315025,0.168203371013109,0.165573859261745,0.164965894911576,0.166208916856256
"314",0.166179279795508,0.167666750000105,0.169042410719782,0.162838650629937,0.164971278546261,0.169301630308408
"315",0.168638548834127,0.161957750742282,0.167869087090652,0.165223736632152,0.165423149565038,0.17088772713575
"316",0.165857003830683,0.161850165855589,0.167596989191763,0.165639682599158,0.168239827690034,0.170816330832773
"317",0.165925869588972,0.162681772752894,0.166413726045709,0.168096343908989,0.170278410975388,0.166603876728048
"318",0.164256498171169,0.169349794460683,0.164616464125137,0.166991225270746,0.170594407744007,0.164191610228258
"319",0.167201532091162,0.166697710190577,0.166658981864176,0.167063185048775,0.167906053686761,0.164472537118548
"320",0.165973906140898,0.166865264497403,0.167354243911386,0.165770554483714,0.16712895475266,0.166907076213939
"321",0.166339899383068,0.161410469991339,0.172096980664551,0.165688092357622,0.166383006002761,0.168081551600659
"322",0.166501476021915,0.162496461864282,0.16963939075049,0.166630580607765,0.166876296232011,0.167855794523536
"323",0.167469746040387,0.161372199916596,0.168577195416231,0.168515109799152,0.167080017208135,0.1669857316195
"324",0.166843638229378,0.16470159184052,0.164379593289937,0.168900493511609,0.170357351887921,0.164817331240636
"325",0.167224501718352,0.165824881235416,0.162396950544462,0.169552251110728,0.170151211157478,0.164850204233564
"326",0.163904631071166,0.1683639771552,0.162086205769715,0.169000728072411,0.171327402184311,0.165317055747196
"327",0.162581281151641,0.168870795658127,0.163108400453018,0.170762511248288,0.168756932852162,0.165920078636765
"328",0.163665661636336,0.166984602106391,0.165349308651182,0.168864599750837,0.169524158571368,0.165611669283886
"329",0.166905899705626,0.165599848865345,0.165930263949586,0.168551554972551,0.16648517701907,0.166527255487823
"330",0.167827692034216,0.166691469882348,0.164067853442881,0.163595842737616,0.170521148191604,0.167295993711335
"331",0.16662212965895,0.169282145928946,0.164265910919726,0.1588791658632,0.170335564883216,0.170615082745962
"332",0.166887237654072,0.169945131852754,0.165220681779925,0.159271771955945,0.169587493392876,0.169087683364427
"333",0.167633102576373,0.167233714177533,0.167433248935758,0.161511397943619,0.167010747713557,0.169177788653161
"334",0.167722293580022,0.1658969199798,0.16796666671375,0.166854452372327,0.164936070708578,0.166623596645522
"335",0.167951326620082,0.164186154910424,0.167244953034319,0.167174634173947,0.165887526677305,0.167555404583922
"336",0.167757831652734,0.165585356341864,0.16639495769482,0.167658892270516,0.164853080890433,0.167749881149633
"337",0.166488005406328,0.166118140818024,0.166044533073527,0.167617170003891,0.166744694721594,0.166987455976637
"338",0.165725131151235,0.166657876791773,0.165798747744649,0.166893217090122,0.168458619105353,0.166466408116869
"339",0.166588228701346,0.165951874955432,0.167094951943679,0.166410523126501,0.167900414765391,0.166054006507652
"340",0.165817133730789,0.168143437687313,0.16690842887304,0.165259684985729,0.166823056038993,0.167048258684135
"341",0.167589360509509,0.170970541282594,0.167147115563292,0.163618022402611,0.16631471953283,0.164360240709164
"342",0.167064424357983,0.171506507793453,0.168172682603178,0.163469561417132,0.166191935712001,0.163594888116252
"343",0.16791516306267,0.170194019963844,0.167514623788299,0.163626989573583,0.166878385014432,0.163870818597172
"344",0.16656344653771,0.17013700315166,0.166279281944375,0.163084171944821,0.166116490351211,0.167819606070223
"345",0.166696475552873,0.168164636100097,0.166016765285513,0.162441176864781,0.165969692742631,0.170711253454105
"346",0.168080921994124,0.166536266434303,0.164839331411938,0.16228612044852,0.167391527941529,0.170865831769586
"347",0.167514889273005,0.164873166932983,0.165988701812977,0.163733907132572,0.167514600926674,0.17037473392179
"348",0.167350553232674,0.167007175526504,0.163905173327286,0.163211234150778,0.167071783744977,0.171454080017781
"349",0.165819244139449,0.165729578091866,0.167381583313591,0.165518871238757,0.165922993503686,0.16962772971265
"350",0.164902244476646,0.16535069734127,0.169014923773396,0.164571326175975,0.166525207211145,0.169635601021568
"351",0.162489691396416,0.167358508818966,0.170211716489609,0.166873138836963,0.167264310015083,0.165802634442962
"352",0.164899452730129,0.168996572107281,0.170478979254756,0.165333634626934,0.166185607139078,0.164105754141823
"353",0.166308071722111,0.170392425907985,0.168506860494604,0.16659560551095,0.165216166722891,0.162980869641459
